"species","x","y","FC","D_MAIN_RDS","D_URBAN","RAIN_ANN","TMP_MAX","TMP_MIN"
"background",1,1,0,2439.51831054688,5150.3642578125,1093,27,4
"background",2,2,1,2251.94360351562,10631.3505859375,981,28.2,3.2
"background",3,3,0,3606.24462890625,1364.734375,833,29,3.6
"background",4,4,3,1545.35595703125,18519.060546875,955,27.9,4.1
"background",5,5,0,500.624603271484,15819.4697265625,909,28.7,4.3
"background",6,6,0,2569.28979492188,145.773803710938,1149,26.9,4.4
"background",7,7,1,650,4849.548828125,937,27.8,3.9
"background",8,8,0,986.471008300781,1405.5693359375,826,28.9,3.7
"background",9,9,0,275,2593.50146484375,1111,27,4.2
"background",10,10,0,2930.23046875,4663.82373046875,1125,26.7,4
"background",11,11,1,1040.4326171875,304.138122558594,1076,27.3,4.7
"background",12,12,0,660.018920898438,1688.564453125,1139,26.8,4.1
"background",13,13,1,2551.10278320312,2955.18603515625,1118,26.9,4.3
"background",14,14,2,1812.45690917969,7888.48046875,1140,26.9,4.5
"background",15,15,1,2015.09924316406,3620.16918945312,821,28.8,3.3
"background",16,16,1,1629.80065917969,11568.302734375,1005,28,3.1
"background",17,17,0,600,2696.40966796875,867,28.8,3.7
"background",18,18,2,1831.15405273438,3140.85986328125,1150,26.9,4.7
"background",19,19,2,2406.50170898438,13163.6337890625,1077,26.6,4.1
"background",20,20,4,5876.2763671875,16715.431640625,949,27.9,3.5
"background",21,21,3,3293.1748046875,20997.751953125,992,27.4,4.1
"background",22,22,0,1011.18743896484,6113.9697265625,894,28.5,3.9
"background",23,23,1,1345.36242675781,10632.5263671875,985,27.6,4.2
"background",24,24,0,1475.84716796875,1895.05932617188,822,29,3.4
"background",25,25,0,2227.38647460938,1299.27868652344,831,28.3,3.9
"background",26,26,0,2520.04467773438,1428.50451660156,811,28.7,3.7
"background",27,27,2,2237.32543945312,17519.435546875,944,27.8,3.7
"background",28,28,0,111.803398132324,851.469299316406,807,28.8,3.6
"background",29,29,2,250,19732.095703125,936,27.9,4
"background",30,30,1,3358.6640625,11243.025390625,925,28.1,3.8
"background",31,31,1,1825.17126464844,19544.96484375,880,28.9,4.1
"background",32,32,4,1520.69067382812,19433.36328125,942,28,4.1
"background",33,33,0,1085.41467285156,2225.14038085938,816,29,3.4
"background",34,34,0,1029.56298828125,782.623779296875,850,28.2,3.9
"background",35,35,0,125,4998.06201171875,902,28.4,3.7
"background",36,36,0,1275.2451171875,10186.05078125,864,29,4
"background",37,37,0,637.37744140625,1043.13232421875,821,29,3.5
"background",38,38,3,2152.32421875,8889.6005859375,1142,26.9,4.5
"background",39,39,0,1017.65661621094,1823.62963867188,895,28,4.1
"background",40,40,0,35.355339050293,7656.77783203125,1049,27.2,4
"background",41,41,0,103.077644348145,15680.1025390625,1152,26.4,4.5
"background",42,42,0,1950.64086914062,158.113876342773,925,27.8,4.2
"background",43,43,0,4100,50,874,28.8,3.4
"background",44,44,1,1500,5856.72705078125,1006,27.5,4
"background",45,45,3,190.394332885742,17810.96875,948,27.8,4
"background",46,46,0,1820.8857421875,805.062133789062,864,28.7,4
"background",47,47,0,427.2001953125,625,892,27.9,4
"background",48,48,0,269.258239746094,494.974761962891,826,29.1,3.4
"background",49,49,2,3344.11791992188,24818.453125,932,28.4,4.3
"background",50,50,2,4809.69091796875,5042.9404296875,871,29.2,3.5
"background",51,51,2,1945.50769042969,14898.5947265625,973,28.2,4.5
"background",52,52,2,4950,7085.63671875,900,29,3.4
"background",53,53,2,1997.02905273438,19802.919921875,995,27.3,4.1
"background",54,54,0,141.421356201172,158.113876342773,820,28.9,3.6
"background",55,55,1,3678.65454101562,9729.14453125,1012,27.6,4.3
"background",56,56,0,371.651733398438,279.508483886719,832,28.8,3.8
"background",57,57,2,3362.01196289062,13891.296875,1045,26.8,4
"background",58,58,0,1652.46032714844,460.977233886719,1076,27.2,4.7
"background",59,59,0,1015.19702148438,195.256240844727,1193,26.5,4.4
"background",60,60,3,141.421356201172,14031.4375,946,28.7,3.3
"background",61,61,2,3877.015625,21000.728515625,915,28.2,3.8
"background",62,62,1,1085.41467285156,8095.0986328125,933,27.9,3.9
"background",63,63,1,2701.966796875,12057.388671875,899,28.6,3.9
"background",64,64,2,4419.55859375,17112.130859375,966,28.1,3.3
"background",65,65,3,2448.59643554688,13915.5712890625,969,27.3,4
"background",66,66,0,7076.10400390625,23651.7578125,856,29,4
"background",67,67,3,1822.4296875,1600.1953125,1153,26.7,4.5
"background",68,68,1,25,16479.703125,939,28,4
"background",69,69,0,917.877990722656,503.115295410156,818,28.8,3.7
"background",70,70,0,1944.54370117188,4248.01416015625,863,28.8,3.8
"background",71,71,5,3397.88525390625,15093.9140625,1048,27.6,4.4
"background",72,72,5,1202.60131835938,17801.4921875,1009,27.1,4.1
"background",73,73,1,4975.1884765625,7581.63916015625,888,29.1,3.5
"background",74,74,0,2632.72680664062,6275.0498046875,1097,26.9,4
"background",75,75,2,3033.35620117188,11326.130859375,1072,27.2,4.4
"background",76,76,0,2123.97045898438,1090.01147460938,1055,27.5,5
"background",77,77,2,1906.89538574219,19831.93359375,972,27.4,4
"background",78,78,1,3688.91918945312,3377.31396484375,952,27.7,4
"background",79,79,3,175,16771.05078125,984,27.3,4.1
"background",80,80,4,1600.78100585938,18683.046875,1009,28,2.9
"background",81,81,0,2909.03759765625,1127.49719238281,1045,27.5,4.9
"background",82,82,1,4073.23583984375,6413.36474609375,903,28.2,4.1
"background",83,83,0,167.705093383789,4396.66064453125,900,28.4,4
"background",84,84,0,1576.78466796875,525.594909667969,828,28.4,3.5
"background",85,85,3,2940.45068359375,2630.58935546875,1116,27.1,4.7
"background",86,86,0,671.75146484375,1535.00817871094,821,28.9,3.4
"background",87,87,4,2101.93359375,19644.162109375,1001,27.3,4.1
"background",88,88,0,1252.24792480469,4955.36328125,880,28.7,3.7
"background",89,89,2,3264.67846679688,15812.1787109375,951,28.2,3.4
"background",90,90,0,707.106811523438,206.155288696289,828,29.1,3.3
"background",91,91,3,1911.96887207031,17025,946,28.5,3.3
"background",92,92,1,2314.76245117188,8300.978515625,930,28,4.2
"background",93,93,1,1835.24523925781,14808.126953125,928,28.1,4
"background",94,94,2,2189.32055664062,23055.490234375,962,27.6,4
"background",95,95,0,2820.12866210938,2174.42529296875,831,29.1,3.5
"background",96,96,3,2225,12634.0068359375,1022,27,4
"background",97,97,0,201.556442260742,300,871,28.6,4
"background",98,98,6,2288.69506835938,18783.0546875,1029,26.9,4.1
"background",99,99,0,776.208740234375,3414.03344726562,888,28.5,4.1
"background",100,100,0,2125,3953.63745117188,877,28.4,4
"background",101,101,0,4983.28466796875,6643.27685546875,919,28,3.9
"background",102,102,4,2404.68286132812,17459.685546875,1069,27.3,4.5
"background",103,103,3,1464.79516601562,17030.3046875,966,28.3,3.1
"background",104,104,0,246.221450805664,2081.01538085938,864,28.7,3.9
"background",105,105,0,2290.19653320312,1225,858,28.1,3.8
"background",106,106,0,1884.80773925781,375,875,28,4.1
"background",107,107,2,2275.13745117188,10587.994140625,885,28.8,3.8
"background",108,108,1,2601.20166015625,7606.32958984375,913,28.2,4.2
"background",109,109,4,25,13656.6142578125,1034,27.8,4.6
"background",110,110,1,3373.79614257812,5463.11474609375,903,28.3,4.2
"background",111,111,0,2294.69506835938,3775.08276367188,992,27.5,4
"background",112,112,0,512.957092285156,8585.052734375,1036,27.2,3.9
"background",113,113,1,2630.23291015625,5322.4169921875,951,27.8,4.1
"background",114,114,3,8084.3212890625,22884.068359375,951,27.9,3.5
"background",115,115,2,2560.3955078125,12988.19140625,1057,26.7,3.9
"background",116,116,2,3031.60424804688,11777.361328125,963,28.6,3.1
"background",117,117,1,2174.42529296875,1486.60693359375,1153,26.8,4.4
"background",118,118,0,158.113876342773,1050,867,28,4
"background",119,119,1,3308.03955078125,4688.08349609375,959,27.7,4
"background",120,120,1,2669.85498046875,6458.95703125,932,28,4.1
"background",121,121,3,1012.4228515625,14602.2470703125,962,28.3,3.2
"background",122,122,5,1050.29760742188,13441.0751953125,1082,27.4,4.5
"background",123,123,0,213.60009765625,1789.72766113281,853,28.2,3.9
"background",124,124,0,1285.009765625,10969.53125,865,29,4
"background",125,125,0,2247.35961914062,7591.48388671875,882,28.7,4
"background",126,126,1,375.832397460938,9244.3564453125,981,27.6,4.1
"background",127,127,2,4525.82861328125,6039.97119140625,919,28.9,3.3
"background",128,128,1,275,270.416351318359,1224,26.2,4.4
"background",129,129,1,2283.77416992188,3503.30200195312,817,28.8,3.3
"background",130,130,1,3227.42163085938,7500.41650390625,923,28,4.1
"background",131,131,2,4211.07177734375,24755.921875,971,27.6,4.1
"background",132,132,1,3083.220703125,9779.0908203125,928,28,3.9
"background",133,133,0,0,15430.185546875,1131,26.6,4.5
"background",134,134,0,100,15767.9462890625,999,28.1,4.6
"background",135,135,0,4458.27880859375,6091.64404296875,885,28.2,4
"background",136,136,5,3892.70141601562,19563.390625,1016,27.3,4.2
"background",137,137,1,3257.29956054688,9320.9775390625,921,28.2,4
"background",138,138,0,213.60009765625,225,875,28.1,4
"background",139,139,1,2952.64721679688,4990.30322265625,958,27.7,4
"background",140,140,0,831.038513183594,491.172058105469,836,28.9,3.8
"background",141,141,3,4778.14013671875,17082.318359375,892,28.7,3.9
"background",142,142,0,125,4105.02734375,1071,27.1,3.9
"background",143,143,0,1415.09716796875,5556.64013671875,1090,27,4
"background",144,144,0,176.776702880859,7885.310546875,1032,27.2,3.9
"background",145,145,0,1644.11828613281,3824.2646484375,860,28.5,3.9
"background",146,146,3,789.382690429688,160.078109741211,1221,26.6,4.7
"background",147,147,1,6364.8447265625,7650.57177734375,1067,27.5,4.7
"background",148,148,1,1913.76586914062,2298.09692382812,1043,27.6,4.9
"background",149,149,3,8193.48046875,23629.232421875,1017,27.2,4.2
"background",150,150,0,818.9169921875,348.209716796875,824,29,3.5
"background",151,151,0,1945.02575683594,9706.9560546875,1071,27.7,4.8
"background",152,152,1,2364.8466796875,3596.00463867188,879,28.5,4.2
"background",153,153,1,25,10750.26171875,953,27.2,3.8
"background",154,154,2,2807.3564453125,18031.93359375,1010,27.8,3
"background",155,155,0,1550.80627441406,2761.34033203125,844,28.6,4
"background",156,156,3,2616.89233398438,2270.04956054688,1229,26.4,4.7
"background",157,157,0,577.169799804688,1716.46435546875,818,28.5,3.7
"background",158,158,3,4974.49755859375,21529.1953125,977,28.1,3.1
"background",159,159,3,6954.18017578125,23046.705078125,991,27.8,3.1
"background",160,160,1,2100.59521484375,2215.00561523438,1055,27.6,4.9
"background",161,161,2,250,1330.88317871094,1200,26.4,4.6
"background",162,162,4,1185.32690429688,3516.39013671875,1210,26.3,4.5
"background",163,163,0,1015.19702148438,1030.7763671875,816,28.8,3.5
"background",164,164,0,270.416351318359,525.594909667969,808,28.6,3.8
"background",165,165,0,956.882934570312,1218.86218261719,827,29,3.4
"background",166,166,3,7040.1083984375,5388.0654296875,930,28.8,3.2
"background",167,167,0,5368.0185546875,450,878,29,3.4
"background",168,168,0,2388.12158203125,6969.66650390625,1070,27.1,4
"background",169,169,1,3737.14453125,14614.3974609375,907,28.5,4
"background",170,170,0,701.783447265625,145.773803710938,868,28.6,4
"background",171,171,0,5764.6552734375,1006.54107666016,871,29,3.4
"background",172,172,0,111.803398132324,3847.80786132812,858,28.9,4
"background",173,173,0,320.156219482422,2868.90649414062,1126,26.8,3.9
"background",174,174,1,571.182983398438,16449.638671875,1122,26.6,4.5
"background",175,175,1,2280.48779296875,21684.80078125,931,27.9,3.9
"background",176,176,0,592.663452148438,10351.6005859375,888,28.7,3.9
"background",177,177,0,1803.12231445312,2016.33947753906,820,29,3.4
"background",178,178,0,70.7106781005859,1367.70788574219,828,28.7,3.8
"background",179,179,3,3353.3564453125,2573.90747070312,875,29,3.5
"background",180,180,4,6890.43701171875,22316.193359375,1030,27,4.2
"background",181,181,0,3517.90063476562,1081.95422363281,877,28.9,3.5
"background",182,182,2,3500.89282226562,16146.9814453125,950,28.3,3.4
"background",183,183,1,1118.03393554688,2245.6904296875,884,28.5,4.1
"background",184,184,2,2637.82592773438,10354.9501953125,1065,27.7,4.8
"background",185,185,2,6884.8564453125,7435.13623046875,1083,27.1,4.4
"background",186,186,0,1771.47534179688,2338.40234375,876,28.6,4.1
"background",187,187,2,375,15643.888671875,1004,28.1,3
"background",188,188,0,645.174377441406,1990.13195800781,1122,26.9,3.9
"background",189,189,2,1425.876953125,16925.294921875,1051,27.9,4.6
"background",190,190,2,480.884613037109,15359.2197265625,926,28.4,4.3
"background",191,191,0,809.706726074219,828.402099609375,821,28.8,3.1
"background",192,192,2,7268.0810546875,18113.685546875,971,27.8,3.4
"background",193,193,0,4210.84912109375,5447.59130859375,1113,26.8,4.1
"background",194,194,2,1559.84777832031,10701.6357421875,1119,26.8,4.4
"background",195,195,2,3441.83813476562,8431.0439453125,1063,27,4
"background",196,196,1,1050,2655.30126953125,909,28.2,4
"background",197,197,2,223.606796264648,1787.80590820312,1200,26.5,4.6
"background",198,198,0,760.345336914062,2797.32006835938,817,28.6,3.6
"background",199,199,3,1609.54187011719,21476.28125,953,27.7,4
"background",200,200,0,55.9016990661621,55.9016990661621,860,28.1,3.9
"background",201,201,0,826.513732910156,850,826,29,3.4
"background",202,202,2,3782.19506835938,4127.7265625,865,28.3,3.9
"background",203,203,2,1720.46508789062,12802.587890625,1121,26.4,4.2
"background",204,204,0,5530.201171875,8616.009765625,1055,27.7,4.8
"background",205,205,0,1905.419921875,11646.056640625,894,28.7,4.2
"background",206,206,2,800.390502929688,18714.44921875,944,28,4.1
"background",207,207,1,70.7106781005859,13539.41015625,1077,27.8,4.6
"background",208,208,0,4064.01904296875,775,880,28.9,3.4
"background",209,209,1,2986.84619140625,8663.46484375,927,28,3.8
"background",210,210,0,1190.8505859375,357.945526123047,862,28.1,3.9
"background",211,211,0,1113.83349609375,106.066017150879,864,28.7,4.1
"background",212,212,0,1171.53747558594,711.512451171875,874,28.2,4.2
"background",213,213,4,4155.869140625,16204.2626953125,1057,27,4.2
"background",214,214,2,6388.46630859375,17922.2109375,977,27.8,3.3
"background",215,215,4,939.414733886719,10693.10546875,1125,26.9,4.5
"background",216,216,0,4531.00439453125,7156.81494140625,1073,27.6,4.9
"background",217,217,1,1835.24523925781,8410.8935546875,963,27.5,3.9
"background",218,218,2,1350,1457.73791503906,1215,26.5,4.6
"background",219,219,2,1883.14892578125,8273.640625,1115,27.3,4.6
"background",220,220,1,79.0569381713867,482.830200195312,1109,27.1,4.7
"background",221,221,4,4468.92041015625,16871.666015625,1079,26.6,4.2
"background",222,222,0,936.082275390625,10491.931640625,866,29,4
"background",223,223,1,2751.0224609375,6282.962890625,958,27.7,3.9
"background",224,224,1,8045.2626953125,20778.12890625,936,28.2,3.5
"background",225,225,1,90.1387786865234,12891.1064453125,955,27.4,3.8
"background",226,226,0,3182.96240234375,20502.576171875,866,29,4.2
"background",227,227,0,1173.93566894531,900,829,29.2,3.4
"background",228,228,0,1770.94604492188,6854.2412109375,905,28.4,3.7
"background",229,229,1,3753.4150390625,9038.83984375,909,28.9,3.4
"background",230,230,0,50,134.629119873047,1229,26.2,4.4
"background",231,231,2,4014.03784179688,4419.41748046875,1136,26.6,4.2
"background",232,232,1,561.805114746094,9566.5107421875,960,27.5,4
"background",233,233,1,892.328430175781,8174.6943359375,973,27.6,4
"background",234,234,1,1587.64758300781,11976.669921875,1110,27.5,4.6
"background",235,235,0,1418.18542480469,636.396118164062,1074,27.4,4.9
"background",236,236,0,925.337768554688,55.9016990661621,821,28.9,3.6
"background",237,237,0,4584.2802734375,50,876,28.9,3.4
"background",238,238,1,3242.29858398438,15509.85546875,905,28.7,3.6
"background",239,239,3,1905.91186523438,17043.78515625,1071,27.4,4.5
"background",240,240,3,575,14533.603515625,961,28.4,3.2
"background",241,241,1,250,3737.3955078125,925,28,3.9
"background",242,242,2,3959.95581054688,16629.041015625,940,28.4,3.4
"background",243,243,2,840.386840820312,11411.6171875,878,29,3.7
"background",244,244,3,3272.99560546875,3522.25073242188,1136,26.7,4.3
"background",245,245,0,2768.1220703125,19502.708984375,873,28.9,4.1
"background",246,246,2,5776.3525390625,8896.9794921875,1037,27.6,4.5
"background",247,247,1,4282.595703125,10314.12890625,1003,28.2,3
"background",248,248,1,1783.60595703125,10304.3984375,933,28,4
"background",249,249,3,1908.04223632812,11061.927734375,941,28.2,3.5
"background",250,250,2,5848.61083984375,21609.734375,941,27.9,3.6
"background",251,251,1,617.454467773438,5073.7685546875,932,27.9,3.9
"background",252,252,0,125,16930.5390625,979,28.2,4.5
"background",253,253,0,276.134033203125,9869.4287109375,867,29,4
"background",254,254,1,55.9016990661621,160.078109741211,1152,26.8,4.5
"background",255,255,0,2863.67333984375,1954.64196777344,873,28.9,3.5
"background",256,256,4,350,10922.5966796875,1107,26.9,4.4
"background",257,257,3,2949.68212890625,16800.669921875,1035,27.9,4.6
"background",258,258,0,1101.1357421875,1120.54675292969,824,28.8,3.4
"background",259,259,0,313.249114990234,3795.47436523438,902,28.4,4
"background",260,260,0,176.776702880859,1275.97998046875,818,28.5,3.8
"background",261,261,1,2440.4150390625,17020.005859375,911,28.3,3.9
"background",262,262,3,1400.892578125,175,1253,26.3,4.8
"background",263,263,4,7755.7236328125,22900.0546875,1036,27,4.2
"background",264,264,2,1565.24755859375,2658.0068359375,1185,26.5,4.5
"background",265,265,0,25,4756.1142578125,1080,27.1,4
"background",266,266,0,2564.78564453125,225,861,28.1,3.8
"background",267,267,0,279.508483886719,789.382690429688,827,29.1,3.3
"background",268,268,2,246.221450805664,22758.08984375,905,28.6,4.2
"background",269,269,1,4577.45849609375,5988.16552734375,1061,27.2,4.3
"background",270,270,1,618.4658203125,9415.0478515625,942,27.6,3.9
"background",271,271,2,2777.81396484375,11700.6943359375,1071,26.9,4.2
"background",272,272,1,1987.77514648438,11597.65625,923,28.3,3.6
"background",273,273,5,5901.90625,20476.587890625,1050,27,4.3
"background",274,274,0,250,2675.11669921875,823,29,3.3
"background",275,275,0,2178.30200195312,2410.6533203125,870,29,3.5
"background",276,276,0,353.553405761719,1215.01025390625,822,28.7,3.7
"background",277,277,0,850,103.077644348145,829,29,3.4
"background",278,278,1,4378.49853515625,7313.1728515625,1045,27.3,4.2
"background",279,279,4,886.002258300781,11800.953125,1127,26.8,4.5
"background",280,280,0,832.165832519531,3880.15795898438,891,28.5,3.8
"background",281,281,3,1217.57958984375,11672.3232421875,1027,27,4
"background",282,282,1,1269.35021972656,22744.353515625,941,27.8,3.8
"background",283,283,1,813.941040039062,265.753631591797,1243,26.4,5
"background",284,284,1,3500.08935546875,13180.69140625,872,28.9,4
"background",285,285,0,3156.73876953125,880.695739746094,854,28.9,3.6
"background",286,286,3,840.014892578125,13752.2724609375,985,28.1,3.2
"background",287,287,0,2020.0556640625,4736.1640625,867,28.4,4
"background",288,288,2,1657.18139648438,13700.5703125,907,28.6,4.2
"background",289,289,4,3154.46118164062,17108.841796875,1085,26.8,4.3
"background",290,290,0,592.663452148438,90.1387786865234,1196,26.5,4.5
"background",291,291,1,230.488616943359,11604.12109375,956,27.2,3.8
"background",292,292,2,7175.17431640625,24273.763671875,1011,27.2,4.2
"background",293,293,0,1077.61315917969,594.243225097656,833,28.4,3.5
"background",294,294,0,577.169799804688,3860.861328125,1098,27,3.9
"background",295,295,3,1995.30700683594,17511.513671875,1007,27.8,4.4
"background",296,296,5,5296.34326171875,18071.87109375,1045,27.1,4.3
"background",297,297,5,4100.380859375,21171.9453125,1003,27.4,4.2
"background",298,298,1,79.0569381713867,1625.76904296875,907,28.2,3.9
"background",299,299,1,1949.67944335938,8803.7275390625,888,28.7,3.8
"background",300,300,0,776.611206054688,701.783447265625,830,29.1,3.3
"background",301,301,0,230.488616943359,3198.53491210938,846,28.7,4
"background",302,302,0,2357.56762695312,1343.96801757812,809,28.7,3.7
"background",303,303,0,2495.24536132812,11493.720703125,866,29,3.9
"background",304,304,1,1362.21325683594,12217.431640625,1149,26.6,4.5
"background",305,305,2,125,3031.60424804688,823,28.9,3.2
"background",306,306,1,4851.6103515625,3163.265625,933,28.7,3.2
"background",307,307,4,1999.53125,1825.17126464844,1160,26.9,5.2
"background",308,308,0,515.38818359375,536.772766113281,1083,27.1,3.9
"background",309,309,0,637.37744140625,651.920227050781,868,28.7,3.6
"background",310,310,1,1297.11218261719,7569.7587890625,1033,27.3,4.1
"background",311,311,0,1006.23059082031,13642.763671875,856,29.2,3.9
"background",312,312,4,7585.0595703125,22762.703125,1063,26.7,4.2
"background",313,313,1,3683.49365234375,23638.541015625,948,28.1,4.2
"background",314,314,4,2482.060546875,19047.47265625,964,28.3,3.1
"background",315,315,2,8075.96728515625,23785.6171875,932,28,3.6
"background",316,316,2,1184.53576660156,2620.23388671875,826,28.8,3.2
"background",317,317,0,1827.73767089844,2439.39038085938,850,29,3.7
"background",318,318,3,4169.232421875,10297.1474609375,1031,27.4,4.3
"background",319,319,1,875,3659.3203125,828,28.8,3.2
"background",320,320,1,555.090087890625,4916.36279296875,871,28.9,3.7
"background",321,321,3,3852.9208984375,2525,905,28.8,3.3
"background",322,322,1,5352.1025390625,2899.35327148438,929,28.7,3.2
"background",323,323,0,2042.66979980469,550.56787109375,814,28.7,3.4
"background",324,324,1,3271.56298828125,3745.8310546875,930,27.9,4.2
"background",325,325,0,75,602.079711914062,879,28,4.1
"background",326,326,0,500,1560.64892578125,1125,26.8,3.9
"background",327,327,1,2246.80322265625,1826.54040527344,1132,27,5.2
"background",328,328,1,3810.265625,10067.583984375,985,28.3,3.1
"background",329,329,0,3751.83276367188,6008.84765625,875,28.3,4
"background",330,330,2,5278.55322265625,17869.66796875,978,27.9,3.3
"background",331,331,2,6188.80029296875,18826.177734375,970,27.9,3.3
"background",332,332,6,805.062133789062,565.685424804688,1224,26.5,4.7
"background",333,333,0,50,2044.65771484375,857,28.8,3.9
"background",334,334,0,1449.56884765625,2370.25854492188,826,28.8,3.4
"background",335,335,0,570.087707519531,70.7106781005859,1248,26.4,5
"background",336,336,0,3472.12109375,1361.29528808594,834,29,3.6
"background",337,337,1,230.488616943359,4402.05908203125,827,28.9,3.3
"background",338,338,1,3710.79516601562,3600.0869140625,1064,27.5,4.9
"background",339,339,1,3460.94287109375,13345.6220703125,913,28.5,3.7
"background",340,340,4,1368.62158203125,11100.1123046875,1137,26.8,4.5
"background",341,341,0,742.041076660156,70.7106781005859,854,28.2,4
"background",342,342,1,682.3671875,16212.74609375,996,28,4.6
"background",343,343,2,5519.2841796875,5876.32958984375,1113,26.7,4.2
"background",344,344,1,2757.71655273438,3141.75512695312,850,28.4,3.8
"background",345,345,1,2475.12622070312,9698.775390625,893,28.7,3.7
"background",346,346,0,1582.12670898438,106.066017150879,954,27.6,4.2
"background",347,347,0,1509.34582519531,884.590270996094,1145,26.8,4.1
"background",348,348,0,649.037719726562,90.1387786865234,1163,26.8,4.3
"background",349,349,3,2201.845703125,10213.5322265625,910,28.6,3.6
"background",350,350,1,4675.267578125,24518.984375,959,27.9,4.2
"background",351,351,1,1838.47766113281,14710.306640625,993,27.7,4.3
"background",352,352,0,201.556442260742,872.13818359375,1123,26.8,3.9
"background",353,353,0,3802.05541992188,11643.9091796875,884,28.8,4.2
"background",354,354,1,3960.11352539062,5313.30859375,893,28.4,4.2
"background",355,355,3,458.938995361328,10948.4306640625,967,27.4,4
"background",356,356,0,4036.16455078125,1436.35827636719,853,29,3.5
"background",357,357,1,2928.41674804688,12018.9697265625,914,28.3,3.8
"background",358,358,2,1257.22912597656,11804.369140625,1013,27.1,4
"background",359,359,2,2804.01489257812,18631.7109375,1029,28.1,4.7
"background",360,360,2,6150.203125,17292.501953125,921,28.4,3.6
"background",361,361,2,4379.0693359375,20125,1040,27.6,4.5
"background",362,362,0,2280.35083007812,2404.42309570312,831,29,3.7
"background",363,363,5,1196.3486328125,11951.8046875,1106,26.9,4.4
"background",364,364,1,1297.35302734375,7858.15673828125,949,27.9,4.1
"background",365,365,0,2487.21728515625,1445.03454589844,1049,27.5,5
"background",366,366,1,601.040771484375,23315.888671875,896,28.6,4.1
"background",367,367,2,2359.2900390625,12335.1630859375,1109,26.4,4.1
"background",368,368,2,4534.93408203125,10443,987,28.4,3
"background",369,369,3,645.174377441406,5587.93359375,908,28.7,3.5
"background",370,370,2,5505.6787109375,5994.37255859375,1102,26.8,4.1
"background",371,371,1,4530.521484375,14099.8447265625,902,28.5,3.8
"background",372,372,0,1525,200,925,27.8,4.2
"background",373,373,0,1782.0283203125,2285.96264648438,852,28.9,3.7
"background",374,374,5,4522.3056640625,16707.482421875,1051,27.2,4.3
"background",375,375,1,3507.31372070312,13178.794921875,880,28.9,3.9
"background",376,376,0,2010.28601074219,2770.49194335938,866,28.9,3.6
"background",377,377,0,285.043853759766,16065.27734375,948,28.4,4.5
"background",378,378,0,1511.00134277344,6347.5390625,864,28.9,4
"background",379,379,2,1900.65783691406,17858.908203125,1056,27.8,4.6
"background",380,380,0,70.7106781005859,803.507934570312,830,28.7,3.9
"background",381,381,0,300,3342.24853515625,1098,27,4
"background",382,382,3,1026.21875,5255.94921875,880,28.9,3.6
"background",383,383,0,4567.958984375,6046.17626953125,928,27.9,3.9
"background",384,384,0,403.112884521484,247.487380981445,822,28.4,3.8
"background",385,385,4,2725,16675.30078125,1067,27.3,4.4
"background",386,386,4,3510.16381835938,16456.09765625,1053,26.9,4.2
"background",387,387,0,3058.28784179688,4755.326171875,863,28.4,4
"background",388,388,4,395.284698486328,11912.703125,1111,27.1,4.5
"background",389,389,2,2873.6953125,24634.947265625,944,28,4.2
"background",390,390,0,2392.30541992188,2248.61059570312,1117,27.1,5.3
"background",391,391,1,167.705093383789,5905.98193359375,930,27.9,3.8
"background",392,392,2,1924.18811035156,8580.24609375,896,28.7,3.6
"background",393,393,0,1275,964.689086914062,872,28.6,4.1
"background",394,394,1,2317.595703125,8419.0634765625,927,28,3.9
"background",395,395,1,5232.8291015625,8375.9326171875,1051,27.2,4.3
"background",396,396,0,424.264068603516,1257.22912597656,822,28.6,3.7
"background",397,397,2,5311.5439453125,20117.91796875,910,28.3,3.7
"background",398,398,1,1277.69323730469,3647.00219726562,926,28,3.9
"background",399,399,0,2791.16918945312,3811.33178710938,985,27.5,4
"background",400,400,0,475.657440185547,1610.31823730469,828,28.9,3.8
"background",401,401,0,1375.90881347656,4677.6728515625,864,28.8,3.8
"background",402,402,4,2407.54028320312,16563.609375,1037,27.1,4.2
"background",403,403,2,3641.771484375,4078.29614257812,1083,27.2,4.4
"background",404,404,0,776.208740234375,16125.0771484375,945,28.4,4.4
"background",405,405,1,700,14026.42578125,1149,26.4,4.5
"background",406,406,3,3984.50122070312,18011.541015625,1061,27.2,4.4
"background",407,407,0,2010.28601074219,16247.48046875,915,28.3,4
"background",408,408,2,2107.27905273438,55.9016990661621,1143,26.9,4.3
"background",409,409,3,250,23121.541015625,900,28.6,4.2
"background",410,410,0,190.394332885742,5273.10400390625,897,28.5,3.8
"background",411,411,6,1835.92614746094,13541.6484375,1083,27.1,4.4
"background",412,412,2,6245.09814453125,19173.548828125,994,27.7,3.2
"background",413,413,0,1350.92565917969,2049.69506835938,824,28.6,3.8
"background",414,414,2,1730.06506347656,9110.193359375,929,28.4,3.5
"background",415,415,0,145.773803710938,364.005493164062,901,27.9,4
"background",416,416,0,456.207183837891,3143.34619140625,877,28.7,3.8
"background",417,417,2,4589.39013671875,5087.5458984375,1107,26.9,4.1
"background",418,418,2,6180.05859375,24782.1640625,980,27.7,4.2
"background",419,419,3,763.216857910156,11174.4404296875,1034,26.9,3.9
"background",420,420,1,873.212463378906,8930.740234375,975,27.6,4
"background",421,421,3,803.507934570312,12615.1943359375,952,27.5,3.9
"background",422,422,2,1267.37915039062,13957.97265625,861,29.2,3.8
"background",423,423,0,1222.95751953125,2055.48046875,814,28.7,3.6
"background",424,424,0,1025.30480957031,5157.64013671875,1082,27.1,4
"background",425,425,0,851.469299316406,1007.7822265625,830,29.1,3.3
"background",426,426,3,4821.630859375,21544.865234375,960,28.2,3.1
"background",427,427,3,2050.60961914062,12729.1494140625,1092,26.9,4.3
"background",428,428,3,901.387817382812,11110.49609375,970,27.6,4.1
"background",429,429,2,6596.400390625,17770.216796875,946,28.1,3.5
"background",430,430,1,2353.85327148438,5675.22021484375,972,27.6,4
"background",431,431,6,1700.18383789062,12497.125,1098,26.7,4.3
"background",432,432,0,2220.3603515625,1075,890,28.1,4
"background",433,433,4,1792.51916503906,12547.6337890625,967,27.5,4
"background",434,434,0,1375,100,1194,26.5,4.4
"background",435,435,1,785.015930175781,3696.70458984375,825,29,3.3
"background",436,436,1,1975.6328125,9341.2060546875,1010,27.5,4.2
"background",437,437,0,2057.00024414062,7002.18701171875,902,28.4,3.9
"background",438,438,1,3463.01879882812,4696.408203125,917,28.1,4
"background",439,439,0,3080.98999023438,4675.06689453125,897,28.2,4
"background",440,440,2,5837.43310546875,19700.5703125,1048,27,4.3
"background",441,441,1,4423.02197265625,6941.361328125,1083,26.9,4.1
"background",442,442,2,4842.64892578125,20527.19140625,1051,27.2,4.4
"background",443,443,0,2627.974609375,2167.51586914062,810,28.7,3.5
"background",444,444,0,2128.67333984375,1096.58557128906,811,28.8,3.7
"background",445,445,2,617.454467773438,20696.75390625,959,27.5,3.9
"background",446,446,1,10113.171875,24534.16015625,873,28.9,3.7
"background",447,447,2,1543.53491210938,16349.7900390625,1048,28,4.7
"background",448,448,2,1261.94299316406,13755.908203125,886,29,3.7
"background",449,449,5,2775.45043945312,20225.6796875,1013,27.2,4.1
"background",450,450,0,831.038513183594,4052.93115234375,1027,27.3,4
"background",451,451,1,725,9154.541015625,900,28.5,3.8
"background",452,452,1,1654.72802734375,11143.6357421875,910,28.5,4.2
"background",453,453,5,2260.66918945312,12768.2470703125,1079,27.1,4.4
"background",454,454,4,3509.71875,21120.62109375,992,27.3,4.1
"background",455,455,3,3358.2919921875,3125.69995117188,1097,27.3,4.8
"background",456,456,3,3592.00512695312,8040.56103515625,963,28.5,3.2
"background",457,457,1,715.891052246094,18771.138671875,936,27.9,4
"background",458,458,4,3256.24389648438,15802.7880859375,1089,26.6,4.2
"background",459,459,0,2599.15844726562,2638.65502929688,830,29,3.6
"background",460,460,1,887.764038085938,10441.86328125,990,27.6,4.2
"background",461,461,4,416.082916259766,16777.7578125,996,27.4,4.2
"background",462,462,0,145.773803710938,8022.0400390625,1034,27.3,4
"background",463,463,0,2467.91918945312,2118.07690429688,862,29,3.6
"background",464,464,0,436.606231689453,2121.61499023438,1119,27,4.2
"background",465,465,0,3157.92651367188,1476.90551757812,810,28.8,3.4
"background",466,466,1,3527.21557617188,6498.5576171875,946,27.8,3.9
"background",467,467,2,1028.65197753906,8983.4921875,1104,27.4,4.6
"background",468,468,3,4650.26904296875,10465.7177734375,1049,27.1,4.2
"background",469,469,0,1082.24304199219,35.355339050293,979,27.5,4.2
"background",470,470,1,230.488616943359,5519.7939453125,932,27.9,3.8
"background",471,471,2,388.908721923828,10513.0869140625,947,28.3,3.4
"background",472,472,2,1237.43688964844,25,1114,27,4.4
"background",473,473,0,4368.06591796875,6661.0810546875,1074,27.6,4.9
"background",474,474,1,4564.26318359375,9077.7890625,1082,26.7,4.1
"background",475,475,3,1733.85412597656,15115.162109375,972,27.2,3.9
"background",476,476,2,3106.94775390625,7969.943359375,1121,27.2,4.7
"background",477,477,4,7401.52001953125,21800.515625,1028,27.1,4.2
"background",478,478,0,4145.02734375,3145.03588867188,858,28.3,3.9
"background",479,479,0,3446.10278320312,612.882507324219,841,28.2,3.8
"background",480,480,3,2158.70336914062,19017.90234375,920,28.2,3.8
"background",481,481,1,801.560974121094,2175.1435546875,879,28.4,4
"background",482,482,0,180.277557373047,8045.2626953125,1044,27.2,4
"background",483,483,0,4476.955078125,50,858,28.9,3.5
"background",484,484,1,134.629119873047,9994.6552734375,970,27.2,3.9
"background",485,485,6,55.9016990661621,14150.087890625,1035,27.7,4.5
"background",486,486,0,1102.55383300781,223.606796264648,810,28.6,3.8
"background",487,487,4,1095.73034667969,11072.6298828125,1089,27.4,4.5
"background",488,488,1,2944.91088867188,9537.0654296875,928,28,3.9
"background",489,489,3,1556.63903808594,1152.44311523438,1216,26.5,4.7
"background",490,490,0,1138.52978515625,3734.38403320312,870,28.9,3.6
"background",491,491,0,943.398132324219,2849.78076171875,864,28.8,4
"background",492,492,2,7679.07080078125,23600.052734375,1022,27.1,4.2
"background",493,493,0,100,5378.31298828125,1069,27.1,3.9
"background",494,494,2,2211.47583007812,12663.6533203125,987,27.3,4
"background",495,495,1,4119.61767578125,15500.98828125,948,27.8,3.6
"background",496,496,4,3725.083984375,21404.5703125,1008,27.1,4.1
"background",497,497,6,1923.05090332031,13959.8759765625,1097,26.6,4.2
"background",498,498,2,6657.79638671875,7707.544921875,1080,27.3,4.5
"background",499,499,3,9440.9345703125,23204.646484375,972,27.7,3.4
"background",500,500,3,251.246887207031,7370.54931640625,908,28.6,3.5
"background",501,501,0,3853.00219726562,2794.74951171875,874,28.2,3.9
"background",502,502,5,2953.81103515625,13401.609375,1107,26.6,4.2
"background",503,503,0,25,1089.15100097656,972,27.6,4
"background",504,504,1,3579.97900390625,6797.51806640625,944,27.8,3.9
"background",505,505,0,230.488616943359,3289.85180664062,861,28.6,4
"background",506,506,0,2461.83374023438,6740.224609375,898,28.6,3.7
"background",507,507,5,2593.50146484375,16931.94140625,1106,26.6,4.4
"background",508,508,0,514.781494140625,4544.91455078125,1083,27,3.9
"background",509,509,3,1690.59899902344,10204.166015625,1109,27,4.5
"background",510,510,1,1200,13634.1708984375,1158,26.4,4.5
"background",511,511,0,3186.39697265625,7214.6552734375,1098,26.8,4
"background",512,512,0,2529.82202148438,725,862,28.1,3.8
"background",513,513,0,1594.71789550781,254.950973510742,947,27.6,4.1
"background",514,514,0,1581.13879394531,506.21142578125,867,28.1,4
"background",515,515,3,903.119567871094,600,1207,26.6,5
"background",516,516,2,4291.99853515625,17779.904296875,1006,27.8,3.1
"background",517,517,0,3584.77685546875,388.104370117188,832,28.3,3.8
"background",518,518,1,1951.44177246094,7246.2490234375,969,27.6,4
"background",519,519,1,7297.68798828125,21807.697265625,960,28,3.3
"background",520,520,0,1248.24877929688,1320.27453613281,815,28.6,3.7
"background",521,521,3,2013.23742675781,2517.56323242188,1137,27,4.7
"background",522,522,3,7004.150390625,22078.623046875,1019,27.4,4.3
"background",523,523,2,1827.05358886719,7081.357421875,861,29,3.8
"background",524,524,2,1956.55944824219,1410.00891113281,1105,27.2,4.9
"background",525,525,1,125,13339.0634765625,942,27.7,3.9
"background",526,526,3,794.119018554688,1117.19519042969,1180,26.7,4.8
"background",527,527,0,302.076141357422,16278.9931640625,910,28.6,4.3
"background",528,528,0,1959.75122070312,1015.19702148438,867,28.7,4
"background",529,529,2,4634.9892578125,8662.0576171875,1090,26.7,4
"background",530,530,1,254.950973510742,10258.8076171875,979,27.4,4
"background",531,531,1,8775.3203125,22577.08984375,898,28.7,3.6
"background",532,532,1,2878.91040039062,8522.470703125,1072,26.9,4
"background",533,533,4,1470.54406738281,18189.09375,1003,27.6,4.3
"background",534,534,2,1345.36242675781,12661.951171875,1076,27.2,4.4
"background",535,535,0,1308.62524414062,2595.78979492188,883,28.6,3.9
"background",536,536,0,141.421356201172,430.116271972656,1224,26.3,4.4
"background",537,537,1,223.606796264648,9435.3388671875,1028,27.1,3.8
"background",538,538,0,2614.02465820312,7301.7978515625,886,28.7,3.8
"background",539,539,2,1744.2763671875,19495.65625,989,27.3,4.1
"background",540,540,4,2050,5570.0087890625,865,29.1,3.6
"background",541,541,1,2551.9599609375,3026.23950195312,1115,26.9,4.3
"background",542,542,4,2885.84912109375,13732.0107421875,981,27.5,4.1
"background",543,543,1,2601.56201171875,3090.00415039062,812,28.9,3.4
"background",544,544,1,1325,17594.904296875,954,27.6,3.7
"background",545,545,0,1928.24401855469,12377.044921875,860,29.1,3.9
"background",546,546,0,1025.91418457031,1575.19836425781,889,28,4
"background",547,547,0,3864.09765625,2839.23413085938,869,29,3.3
"background",548,548,0,1290.34875488281,1533.1748046875,826,28.9,3.7
"background",549,549,3,1047.01953125,1345.36242675781,1212,26.5,4.6
"background",550,550,1,700,10195.8935546875,1030,27.1,3.9
"background",551,551,1,55.9016990661621,10196.4765625,976,27.2,3.9
"background",552,552,1,2200.56811523438,10219.2216796875,1053,26.9,3.9
"background",553,553,0,638.846618652344,1245.49182128906,1115,27,4.3
"background",554,554,0,617.454467773438,3647.68774414062,857,28.5,4
"background",555,555,0,637.37744140625,25,969,27.5,4.1
"background",556,556,0,0,3423.90502929688,853,28.6,4
"background",557,557,0,369.120574951172,3001.77026367188,816,28.6,3.6
"background",558,558,0,0,1650.94665527344,827,28.9,3.8
"background",559,559,1,1006.23059082031,20573.78515625,933,28,4
"background",560,560,0,1051.48706054688,1030.7763671875,827,28.7,3.8
