"species","x","y","FC","D_MAIN_RDS","D_URBAN","RAIN_ANN","TMP_MAX","TMP_MIN"
"species",1,1,1,3863.93579101562,9183.1708984375,924,28.1,3.8
"species",2,2,0,50,8150.34521484375,1016,27.3,3.9
"species",3,3,1,2045.88000488281,11070.2587890625,922,28.8,3.4
"species",4,4,0,3075.91455078125,2975.9453125,805,28.9,3.5
"species",5,5,4,3525.3544921875,15340.408203125,1070,26.8,4.2
"species",6,6,4,318.198059082031,13681.3056640625,1067,27.1,4.3
"species",7,7,1,1256.23449707031,125,1208,26.3,4.4
"species",8,8,0,111.803398132324,127.475486755371,837,28.9,3.8
"species",9,9,0,845.946228027344,1587.64758300781,856,28.9,3.8
"species",10,10,0,1114.95520019531,1255.48791503906,1122,27,4.2
"species",11,11,1,167.705093383789,11518.1650390625,950,27.3,3.8
"species",12,12,0,3233.90234375,3353.3564453125,1149,26.6,4.2
"species",13,13,1,760.345336914062,380.788665771484,1093,27.3,4.8
"species",14,14,0,680.073547363281,2096.57470703125,867,28.8,3.7
"species",15,15,0,2962.7900390625,2546.68896484375,833,29.2,3.5
"species",16,16,1,215.058135986328,13790.599609375,927,28.2,4.1
"species",17,17,2,9415.7451171875,23554.72265625,972,27.8,3.3
"species",18,18,0,4185.7646484375,2474.87377929688,865,29,3.3
"species",19,19,1,1286.95373535156,10595.0751953125,939,27.8,3.9
"species",20,20,1,2486.58911132812,583.09521484375,1088,27.2,4.5
"species",21,21,0,190.394332885742,1360.6064453125,1014,27.4,4
"species",22,22,1,1968.66076660156,3936.76586914062,820,28.8,3.3
"species",23,23,0,764.852905273438,16257.86328125,983,28.1,4.6
"species",24,24,1,1308.14758300781,11555.544921875,911,28.5,4.2
"species",25,25,0,436.606231689453,5322.65185546875,898,28.5,4
"species",26,26,3,1578.76538085938,5368.89208984375,863,29.1,3.7
"species",27,27,0,1677.982421875,1711.17651367188,825,29,3.6
"species",28,28,2,2286.09936523438,12037.701171875,1073,27,4.3
"species",29,29,1,176.776702880859,3723.65747070312,827,28.9,3.2
"species",30,30,1,3565.45922851562,5189.71337890625,910,28.1,4.1
"species",31,31,0,3590.69970703125,1948.39672851562,1150,26.7,4.3
"species",32,32,1,5679.45849609375,22063.671875,896,28.5,3.8
"species",33,33,1,2215.00561523438,6892.06982421875,952,27.8,4
"species",34,34,2,8180.8466796875,21234.994140625,968,27.9,3.3
"species",35,35,1,1740.86901855469,10666.8876953125,977,27.8,4.3
"species",36,36,2,403.887359619141,11139.708984375,960,27.4,3.9
"species",37,37,3,8039.04541015625,23219.6171875,946,28.2,3.3
"species",38,38,5,496.23583984375,17094.388671875,1029,26.8,4
"species",39,39,1,313.249114990234,9866.9267578125,1025,27.2,3.9
"species",40,40,3,4716.59326171875,18272.947265625,977,28,3.2
"species",41,41,1,2310.43823242188,7077.826171875,866,28.9,3.8
"species",42,42,1,2093.1435546875,7039.6201171875,937,28,4.1
"species",43,43,1,246.221450805664,17133.482421875,1037,27.8,2.9
"species",44,44,2,5447.07470703125,22029.099609375,981,28,3
"species",45,45,2,55.9016990661621,15127.1484375,944,27.8,4
"species",46,46,1,3171.1591796875,5937.2236328125,949,27.8,3.9
"species",47,47,0,600,618.4658203125,842,28.9,3.7
"species",48,48,2,7179.35400390625,24001.302734375,1020,27.1,4.2
"species",49,49,0,764.852905273438,16257.86328125,983,28.1,4.6
"species",50,50,0,2620.23388671875,3101.61254882812,959,27.7,4
"species",51,51,0,3410.00366210938,2931.93627929688,830,29.2,3.5
"species",52,52,0,1884.80773925781,90.1387786865234,911,27.9,4.1
"species",53,53,2,7264.7265625,19842.646484375,957,28,3.4
"species",54,54,2,1469.90649414062,3296.2099609375,1110,27.2,4.9
"species",55,55,0,2303.39428710938,2326.20947265625,809,28.9,3.3
"species",56,56,0,1127.49719238281,223.606796264648,897,27.9,4
"species",57,57,0,141.421356201172,1198.17565917969,813,28.6,3.7
"species",58,58,0,1431.78210449219,1869.826171875,830,29,3.7
"species",59,59,0,182.002746582031,2175.1435546875,817,29.1,3.3
"species",60,60,0,75,176.776702880859,825,29.1,3.3
"species",61,61,0,1588.23803710938,55.9016990661621,815,28.7,3.4
"species",62,62,1,2314.357421875,2354.78247070312,1127,26.9,4.4
"species",63,63,1,1502.70593261719,55.9016990661621,1151,26.9,4.5
"species",64,64,2,2730.95678710938,24168.794921875,986,27.3,4
"species",65,65,0,956.882934570312,25,828,28.4,3.7
"species",66,66,1,90.1387786865234,16839.48046875,978,28.1,4.5
"species",67,67,0,1152.44311523438,550,871,28,3.9
"species",68,68,0,1325.94311523438,2662.82275390625,831,28.5,3.8
"species",69,69,3,3625,21389.96484375,994,27.2,4
"species",70,70,2,1184.53576660156,816.241394042969,1212,26.5,4.6
"species",71,71,0,318.198059082031,5112.5458984375,1080,27.1,4
"species",72,72,1,950.328918457031,5742.8759765625,919,28.1,3.9
"species",73,73,1,1399.33020019531,8642.5185546875,947,27.7,3.9
"species",74,74,0,1921.09997558594,6608.04443359375,862,28.9,3.9
"species",75,75,3,5154.73095703125,18766.34375,1009,27.7,3.1
"species",76,76,0,5540.87109375,5075,872,28.3,4.1
"species",77,77,1,2614.02465820312,2865.74609375,1150,26.6,4.2
"species",78,78,2,5237.0078125,21048.767578125,968,28.1,3.2
"species",79,79,2,1625,8386,889,29,3.6
"species",80,80,2,6120.45751953125,19263.453125,936,28.1,3.6
"species",81,81,0,261.007659912109,4189.943359375,858,28.9,3.9
"species",82,82,0,1140.44946289062,9076.376953125,877,28.8,4
"species",83,83,0,618.970947265625,2201.27807617188,822,28.6,3.8
"species",84,84,1,285.043853759766,13531.67578125,953,28.6,3.2
"species",85,85,1,2251.24975585938,14652.8369140625,919,28.3,4.1
"species",86,86,0,601.040771484375,2232.9912109375,940,27.7,4
"species",87,87,1,5707.88916015625,4575,883,28.2,4
"species",88,88,3,313.249114990234,14682.6640625,947,27.6,3.9
"species",89,89,1,1070.04675292969,9347.091796875,952,27.4,3.9
"species",90,90,3,1912.13232421875,14415.03125,964,27.3,3.9
"species",91,91,1,5470.83154296875,7100.0439453125,1113,27,4.5
"species",92,92,3,5956.1943359375,21630.779296875,1038,27.2,4.4
"species",93,93,1,1102.55383300781,10739.296875,990,27.6,4.1
"species",94,94,1,5166.78076171875,21525,933,28.5,3.3
"species",95,95,0,2143.88671875,1594.71789550781,844,28.2,3.8
"species",96,96,3,4508.67236328125,6803.12451171875,1092,26.8,4
"species",97,97,2,3723.32177734375,4552.54052734375,943,28.6,3.2
"species",98,98,4,2789.26513671875,6555.15087890625,1161,26.7,4.6
"species",99,99,7,406.970520019531,14156.380859375,1042,27.5,4.4
"species",100,100,4,2357.56762695312,5850.2138671875,937,28.6,3.3
"species",101,101,0,5592.01416015625,1060.66015625,867,29,3.4
"species",102,102,2,1263.42785644531,21769.373046875,949,27.8,4
"species",103,103,0,25,16037.943359375,1139,26.5,4.5
"species",104,104,0,2260.66918945312,2643.97900390625,821,28.8,3.3
"species",105,105,0,1039.83166503906,1601.7568359375,821,28.7,3.8
"species",106,106,2,1872.16455078125,3763.64184570312,1153,26.9,4.7
"species",107,107,0,550,1666.20825195312,1136,26.9,4.2
"species",108,108,0,4833.283203125,2443.486328125,896,28.9,3.2
"species",109,109,0,1220.65551757812,756.637268066406,810,28.6,3.8
"species",110,110,2,5948.10888671875,7119.3837890625,1133,26.7,4.4
"species",111,111,0,1185.32690429688,1686.89807128906,848,28.5,3.8
"species",112,112,0,1110.18017578125,875,809,28.7,3.7
"species",113,113,5,1576.58654785156,12143.0283203125,1078,27.3,4.4
"species",114,114,2,325,13372.7568359375,946,27.6,3.9
"species",115,115,0,2680.13525390625,704.006408691406,1134,26.9,4.1
"species",116,116,0,2687.93603515625,4907.26513671875,880,28.3,4
"species",117,117,3,213.60009765625,14025,927,28.8,3.4
"species",118,118,0,1372.95300292969,2582.75537109375,864,28.8,3.7
"species",119,119,2,818.9169921875,6702.28515625,885,28.8,3.6
"species",120,120,3,1629.80065917969,14495.8828125,987,27,3.8
"species",121,121,0,2739.18334960938,2433.10498046875,834,29.2,3.5
"species",122,122,0,279.508483886719,12382.447265625,853,29.3,3.8
"species",123,123,1,1721.91748046875,12025,949,28.6,3.3
"species",124,124,3,2013.08215332031,7773.35205078125,918,28.8,3.4
"species",125,125,1,3153.17309570312,9339.833984375,1071,26.8,3.9
"species",126,126,2,6650.28173828125,19657.6953125,965,28,3.3
"species",127,127,0,4108.6796875,2970.05883789062,1115,27,4.3
"species",128,128,2,5418.7177734375,5872.18017578125,1105,26.8,4.1
"species",129,129,1,3537.74291992188,7635.9755859375,1083,26.9,4
"species",130,130,1,1769.35717773438,17550.08984375,929,28,3.8
"species",131,131,5,620.987121582031,14679.1728515625,1042,27.4,4.4
"species",132,132,1,1241.21911621094,22330.0390625,944,27.7,3.8
"species",133,133,1,1510.173828125,275,1096,27.1,4.1
"species",134,134,0,2022.99279785156,2042.21081542969,807,28.8,3.5
"species",135,135,1,1801.73522949219,7234.85498046875,938,27.9,4
"species",136,136,0,807.774719238281,827.647277832031,857,28.8,3.8
"species",137,137,0,824.621154785156,6144.560546875,907,28.3,3.9
"species",138,138,0,1792.34484863281,600,1113,27.1,4.7
"species",139,139,0,469.707366943359,21664.6171875,892,28.8,4.3
"species",140,140,4,3490.880859375,5288.6669921875,1126,27,4.7
"species",141,141,0,4021.271484375,2964.89892578125,864,28.3,3.9
"species",142,142,0,660.492248535156,15748.5908203125,962,28.3,4.5
"species",143,143,0,682.3671875,725.430908203125,822,29,3.6
"species",144,144,0,1967.86682128906,3063.49462890625,851,28.9,3.9
"species",145,145,1,4303.26904296875,9569.8095703125,887,29.2,3.5
"species",146,146,2,3750,3972.56225585938,1141,26.6,4.3
"species",147,147,1,106.066017150879,1440.70300292969,852,28.8,3.8
"species",148,148,1,6127.04052734375,8383.3916015625,940,28.9,3.2
"species",149,149,0,3584.68969726562,725,859,28.9,3.5
"species",150,150,0,1666.20825195312,8607.009765625,865,29,4
"species",151,151,1,5215.00244140625,15045.9501953125,912,28.4,3.8
"species",152,152,3,406.970520019531,10822.5751953125,1064,27.7,4.7
"species",153,153,3,2360.74658203125,17032.33984375,957,28.4,3.2
"species",154,154,0,125,134.629119873047,822,28.8,3.5
"species",155,155,1,950.328918457031,1829.10498046875,880,28.5,4.1
"species",156,156,4,4642.26513671875,24101.99609375,960,28.2,3
"species",157,157,0,1680.77368164062,3815.26538085938,867,28.5,4
"species",158,158,1,1263.42785644531,9496.34765625,935,27.9,3.9
"species",159,159,2,3826.388671875,10933.03515625,1052,27.2,4.3
"species",160,160,0,2694.67065429688,3546.30078125,1126,26.8,4.1
"species",161,161,1,4513.5908203125,8688.06640625,1058,27,4.1
"species",162,162,0,4835.3515625,5593.1318359375,871,28.4,4.1
"species",163,163,3,8742.2109375,23783.935546875,881,28.9,3.6
"species",164,164,2,6799.44873046875,7117.3203125,1043,27.5,4.5
"species",165,165,1,1713.54895019531,22676.654296875,976,27.4,3.7
"species",166,166,0,1128.05139160156,3089.599609375,853,28.9,3.8
"species",167,167,2,750,10951.02734375,901,28.8,3.6
"species",168,168,3,5168.41357421875,5701.58984375,1043,27.4,4.4
"species",169,169,2,1352.08178710938,12177.4892578125,893,28.8,3.7
"species",170,170,0,2233.970703125,2280.48779296875,863,28.9,3.6
"species",171,171,1,794.512451171875,3048.46264648438,903,28.3,4
"species",172,172,3,2122.49853515625,18158.76171875,1107,26.7,4.5
"species",173,173,4,648.556091308594,10616.1728515625,1117,26.9,4.4
"species",174,174,2,514.781494140625,246.221450805664,1143,26.9,4.4
"species",175,175,0,1750.892578125,1222.95751953125,1079,27.2,4.3
"species",176,176,1,4984.47607421875,1783.60595703125,903,28.9,3.3
"species",177,177,1,176.776702880859,9592.9658203125,941,28.4,3.4
"species",178,178,2,3822.0576171875,25010.609375,934,28.4,4.3
"species",179,179,0,3959.95581054688,4767.20556640625,1130,26.7,4
"species",180,180,2,3843.98876953125,10459.744140625,1068,27.2,4.4
"species",181,181,1,125,12802.5634765625,965,27.2,3.8
"species",182,182,0,1082.24304199219,23734.060546875,876,28.9,4.2
"species",183,183,0,2450.12744140625,2007.6416015625,875,28.7,4
"species",184,184,1,4132.56884765625,5323.12158203125,859,28.4,4
"species",185,185,4,79.0569381713867,15836.7646484375,1037,27.2,4.2
"species",186,186,2,5516.45263671875,20622.212890625,931,28.5,3.3
"species",187,187,1,2449.74487304688,14996.0205078125,906,28.6,4.1
"species",188,188,0,5868.986328125,2632.72680664062,909,28.9,3.2
"species",189,189,0,1491.01477050781,369.120574951172,875,28.6,3.9
"species",190,190,3,2205.81616210938,11752.6591796875,1102,26.9,4.4
"species",191,191,0,503.115295410156,640.312438964844,829,29.2,3.4
"species",192,192,0,3640.48413085938,6861.21337890625,1103,26.8,4
"species",193,193,1,594.243225097656,9633.3076171875,994,27.4,4
"species",194,194,0,506.21142578125,2079.81372070312,880,28.1,4.2
"species",195,195,0,2929.376953125,9644.947265625,1077,27.6,4.8
"species",196,196,3,8072.21337890625,24071.78125,942,28.2,3.2
"species",197,197,0,771.767456054688,152.069061279297,881,28,4
"species",198,198,2,8360.6962890625,23289.49609375,931,28.3,3.4
"species",199,199,1,4076.91674804688,23502.248046875,932,27.9,3.7
"species",200,200,0,575.543212890625,375,870,28.6,3.7
"species",201,201,0,471.699066162109,125,901,28,4
"species",202,202,0,25,1255.23901367188,826,28.9,3.8
"species",203,203,0,1110.18017578125,553.398620605469,828,29,3.4
"species",204,204,0,1206.49279785156,15105.9794921875,1049,28,4.7
"species",205,205,0,919.238830566406,1839.8369140625,857,28.8,3.8
"species",206,206,1,1713.54895019531,22676.654296875,976,27.4,3.7
"species",207,207,1,3991.6318359375,6858.06982421875,931,27.9,4
"species",208,208,0,225,1085.41467285156,855,28.2,3.9
"species",209,209,1,2589.64282226562,6556.0087890625,958,27.7,3.9
"species",210,210,3,388.908721923828,14016.619140625,1122,26.8,4.5
"species",211,211,0,1320.03784179688,1340.00927734375,807,28.8,3.6
"species",212,212,2,1116.07568359375,15329.4853515625,970,27.8,4.2
"species",213,213,1,7967.943359375,20138.412109375,972,27.8,3.3
"species",214,214,0,1856.07116699219,952.955932617188,821,28.5,3.5
"species",215,215,0,775,14610.35546875,1050,28,4.7
"species",216,216,2,3465.9052734375,3779.05419921875,1104,27,4.4
"species",217,217,1,1775.52807617188,8080.57080078125,861,29,3.8
"species",218,218,1,4966.13525390625,5163.15087890625,891,28.2,4.1
"species",219,219,1,3470.23046875,4993.1201171875,904,28.2,4
"species",220,220,1,2755.5625,11033.1884765625,919,28.9,3.4
"species",221,221,0,1095.73034667969,1622.11279296875,887,28,4
"species",222,222,0,1858.25854492188,167.705093383789,861,28.1,3.9
"species",223,223,2,5060.63232421875,9645.2705078125,1073,27.4,4.6
"species",224,224,4,1879.16198730469,11995.962890625,1106,26.8,4.3
"species",225,225,3,4447.0498046875,9856.787109375,1069,27.3,4.4
"species",226,226,0,50,2970.69018554688,814,28.6,3.7
"species",227,227,1,1831.15405273438,14391.837890625,900,28.8,3.6
"species",228,228,2,8326.5390625,23375.85546875,953,27.8,3.5
"species",229,229,0,4934.63525390625,14001.09375,928,28.1,3.7
"species",230,230,2,4681.6796875,24071.365234375,978,27.5,4.1
"species",231,231,0,2507.11499023438,1245.49182128906,814,28.7,3.5
"species",232,232,0,1352.08178710938,1944.54370117188,823,28.5,3.5
"species",233,233,1,3825.08178710938,4905.41796875,859,28.4,4
"species",234,234,0,824.621154785156,2635.45532226562,1093,27.1,4.1
"species",235,235,0,1335.33703613281,1275,1163,26.7,4.2
"species",236,236,3,4354.59521484375,4886.97265625,1117,26.7,4.1
"species",237,237,0,3070.01635742188,5065.19970703125,883,28.3,4
"species",238,238,0,4578.00439453125,6782.79052734375,927,27.9,3.9
"species",239,239,2,291.547607421875,13333.8154296875,1121,26.9,4.5
"species",240,240,0,3432.38256835938,5082.4453125,891,28.3,4
"species",241,241,1,360.555114746094,9574.7392578125,1008,27.3,3.9
"species",242,242,0,2676.40161132812,2595.4287109375,811,28.8,3.5
"species",243,243,2,2050.60961914062,13625.5732421875,1097,26.5,4
"species",244,244,1,3131.3935546875,6934.9208984375,926,28.2,4.2
"species",245,245,0,626.498229980469,4821.37158203125,1062,27.2,4
"species",246,246,0,740.354614257812,11701.49609375,864,29.2,3.8
"species",247,247,0,400,1073.83654785156,822,29,3.5
"species",248,248,5,5602.5107421875,21497.96484375,1044,26.8,4.1
"species",249,249,4,5747.4453125,5223.1455078125,937,28.7,3.2
"species",250,250,2,1867.15026855469,12189.2626953125,1090,27.1,4.4
"species",251,251,0,1890.10583496094,2263.01782226562,853,28.7,4
"species",252,252,1,2139.07104492188,103.077644348145,1102,27.1,4.4
"species",253,253,2,2170.82934570312,9646.5341796875,888,28.8,3.7
"species",254,254,0,995.615417480469,707.106811523438,823,29,3.5
"species",255,255,3,4351.79541015625,3054.70947265625,921,28.8,3.3
"species",256,256,1,1300,950.328918457031,1097,27.2,5.2
"species",257,257,0,2481.17919921875,6012.5908203125,1098,26.9,4
"species",258,258,0,2003.90246582031,879.275268554688,813,28.8,3.7
"species",259,259,1,4416.234375,5798.38330078125,1091,27,4.1
"species",260,260,2,3695.68994140625,5547.578125,913,28.8,3.4
"species",261,261,2,4779.3828125,15235.0126953125,955,28,3.5
"species",262,262,2,3282.71997070312,11075.0283203125,1103,26.6,4.1
"species",263,263,0,1226.02001953125,4644.41845703125,861,28.9,3.7
"species",264,264,2,4493.11962890625,4047.37573242188,931,28.7,3.2
"species",265,265,1,3614.64038085938,10699.5908203125,959,28.7,3.2
"species",266,266,0,4257.93359375,6166.0361328125,1074,27.5,4.9
"species",267,267,1,2142.57446289062,8036.98486328125,950,27.6,3.9
"species",268,268,2,195.256240844727,20831.001953125,919,28.4,4.2
"species",269,269,1,1626.72985839844,17097.6796875,915,28.3,3.9
"species",270,270,1,7106.3349609375,18477.841796875,967,27.8,3.4
"species",271,271,4,3532.17358398438,15839.5869140625,1072,27,4.3
"species",272,272,0,826.513732910156,2651.88623046875,1045,27.3,4
"species",273,273,1,637.37744140625,2996.76904296875,847,28.6,4
"species",274,274,1,1286.95373535156,10595.0751953125,939,27.8,3.9
"species",275,275,1,5600,18692.39453125,911,28.4,3.7
"species",276,276,3,2493.11547851562,10378.6435546875,886,28.8,3.8
"species",277,277,0,811.2490234375,5669.3251953125,893,28.6,3.8
"species",278,278,1,8237.7177734375,20658.669921875,922,28.3,3.6
"species",279,279,1,300,6315.55615234375,912,28.6,3.5
"species",280,280,2,348.209716796875,16509.18359375,1003,28,4.5
"species",281,281,0,1754.45861816406,2521.03637695312,873,28.7,4.1
"species",282,282,1,2773.53564453125,4287.3359375,905,28.1,4
"species",283,283,0,801.560974121094,6056.453125,907,28.3,3.9
"species",284,284,2,5150.3642578125,18081.068359375,995,27.8,3.2
"species",285,285,2,5057.48193359375,22550.068359375,1001,27.2,4.1
"species",286,286,0,515.38818359375,2535.86767578125,866,28.7,3.9
"species",287,287,1,4105.255859375,6481.705078125,1101,26.8,4
"species",288,288,0,1523.15466308594,8699.3173828125,1082,27.7,4.8
"species",289,289,3,378.318634033203,594.243225097656,1226,26.3,4.5
"species",290,290,1,1033.50134277344,11138.5869140625,1025,27,3.9
"species",291,291,0,2691.18920898438,855.131591796875,849,28.2,3.8
"species",292,292,1,2132.19360351562,8667.4677734375,1117,27.2,4.6
"species",293,293,3,972.432495117188,15530.81640625,951,28.5,3.2
"species",294,294,0,1296.63024902344,2330.3701171875,1130,26.8,4
"species",295,295,0,442.295135498047,5452.57958984375,885,28.6,3.9
"species",296,296,0,134.629119873047,15125,1130,26.6,4.5
"species",297,297,1,1245.49182128906,9073.6220703125,898,28.6,3.8
"species",298,298,4,766.89306640625,18235.765625,977,27.9,4.3
"species",299,299,1,4615.26025390625,14049.2216796875,908,28.4,3.8
"species",300,300,3,6017.31884765625,21219.462890625,1029,27.4,4.4
"species",301,301,0,1900,2558.56396484375,830,29,3.7
"species",302,302,0,100,125,850,28.8,3.7
"species",303,303,1,1800.6943359375,7048.4482421875,881,28.7,4.1
"species",304,304,1,8351.7216796875,20610.8125,920,28.4,3.5
"species",305,305,0,403.112884521484,485.412200927734,1102,27,4
"species",306,306,2,6153.2509765625,6434.76904296875,1085,27,4.3
"species",307,307,0,25,1150.27172851562,821,28.5,3.6
"species",308,308,1,6577.32861328125,23102.611328125,850,29.2,4.1
"species",309,309,0,265.753631591797,4304.7939453125,1097,26.9,3.9
"species",310,310,1,2047.1015625,8995.9013671875,1010,27.5,4.2
"species",311,311,2,4927.53759765625,16584.80078125,891,28.7,3.9
"species",312,312,1,1437.22827148438,8763.1689453125,961,27.8,4.1
"species",313,313,1,4416.234375,5798.38330078125,1091,27,4.1
"species",314,314,0,4845.74560546875,6475.4345703125,919,28,3.9
"species",315,315,0,1485.34509277344,458.938995361328,876,28.1,3.9
"species",316,316,0,350.891723632812,4415.10205078125,923,28,3.9
"species",317,317,4,2706.70458984375,13445.00390625,982,27.5,4.1
"species",318,318,2,2315.84228515625,20115.12109375,990,27.5,4.2
"species",319,319,0,901.734436035156,2546.56640625,861,28.8,3.8
"species",320,320,5,2903.87670898438,17879.89453125,1052,27.6,4.5
"species",321,321,0,1888.45178222656,2910.43383789062,854,29,3.6
"species",322,322,3,2302.4443359375,15317.4736328125,916,28.7,3.5
"species",323,323,0,55.9016990661621,12064.9287109375,1070,27.8,4.7
"species",324,324,0,972.432495117188,2273.90087890625,828,28.5,3.8
"species",325,325,2,6027.1259765625,8285.90625,1084,27.2,4.4
"species",326,326,0,618.970947265625,1794.60998535156,820,28.6,3.8
"species",327,327,0,190.394332885742,25,1243,26.5,4.9
"species",328,328,3,4818.7783203125,18692.9296875,990,27.9,3.1
"species",329,329,0,1027.740234375,3446.10278320312,848,28.7,4
"species",330,330,0,335.410186767578,2366.69604492188,1115,27,4.1
"species",331,331,0,849.264404296875,10150.123046875,1064,27.7,4.7
"species",332,332,3,1129.71240234375,11930.763671875,969,27.5,4
"species",333,333,2,5036.11962890625,5318.01171875,1082,27.2,4.4
"species",334,334,0,335.410186767578,425,871,28,4.1
"species",335,335,1,3696.28198242188,15962.6318359375,901,28.7,3.7
"species",336,336,2,4681.0791015625,5225.7177734375,1090,27,4.2
"species",337,337,4,4188.451171875,17322.041015625,1076,26.6,4.1
"species",338,338,4,1330.88317871094,16745.2421875,1024,27.4,4.3
"species",339,339,1,1627.88208007812,18048.701171875,929,28,3.8
"species",340,340,4,1929.05419921875,16406.6484375,1022,27.6,4.4
"species",341,341,2,4394.669921875,3550.52807617188,943,28.6,3.2
"species",342,342,2,5479.62109375,7986.31640625,1083,26.8,4.1
"species",343,343,1,1621.14929199219,10716.8388671875,983,27.7,4.2
"species",344,344,3,5168.41357421875,5701.58984375,1043,27.4,4.4
"species",345,345,2,5495.56640625,21225.94140625,1035,27.4,4.4
"species",346,346,1,3000.93725585938,4648.25244140625,930,27.9,4.2
"species",347,347,0,35.355339050293,1040.4326171875,1091,27,3.9
"species",348,348,2,3113.0771484375,12914.3818359375,1060,26.8,4.1
"species",349,349,0,200,50,1187,26.7,4.6
"species",350,350,0,2174.42529296875,1792.34484863281,828,29.2,3.5
"species",351,351,0,3092.83447265625,3225.09692382812,894,28.9,3.2
"species",352,352,2,3878.94970703125,7767.39990234375,1052,27.2,4.1
"species",353,353,0,1507.48132324219,6605.34814453125,887,28.6,3.9
"species",354,354,1,2765.072265625,7079.41552734375,949,27.7,3.9
"species",355,355,1,835.538757324219,9106.625,941,27.6,3.8
"species",356,356,2,6181.423828125,19756.787109375,937,28,3.6
"species",357,357,1,100,7316.46240234375,936,27.8,3.9
"species",358,358,1,2501.12475585938,5111.87353515625,943,27.8,4.2
"species",359,359,2,8360.6962890625,23289.49609375,931,28.3,3.4
"species",360,360,1,3885.38940429688,14191.7451171875,902,28.6,4.1
"species",361,361,0,527.375549316406,951.971618652344,810,28.6,3.8
"species",362,362,1,2130.87426757812,1711.90686035156,886,28.5,4
"species",363,363,0,25,160.078109741211,1227,26.2,4.3
"species",364,364,1,4878.14013671875,6865.3115234375,1092,26.8,4
"species",365,365,0,1343.96801757812,2005.61706542969,846,28.8,3.9
"species",366,366,1,3604.51098632812,2531.42749023438,885,28.2,4.2
"species",367,367,2,305.163879394531,827.647277832031,1189,26.6,4.7
"species",368,368,0,656.22021484375,18149.53515625,886,28.8,4.2
"species",369,369,0,275,12185.16015625,1040,27.9,4.7
"species",370,370,4,2037.30822753906,16012.2021484375,1091,26.9,4.4
"species",371,371,0,90.1387786865234,4201.85986328125,918,28.1,3.8
"species",372,372,1,2799.6650390625,7018.2353515625,896,28.6,3.6
"species",373,373,0,575.543212890625,3543.39184570312,878,28.7,3.8
"species",374,374,0,90.1387786865234,134.629119873047,821,28.8,3.7
"species",375,375,0,160.078109741211,375,864,28.2,4
"species",376,376,0,2233.970703125,2280.48779296875,863,28.9,3.6
"species",377,377,0,333.541595458984,5127.92578125,1072,27.1,4
"species",378,378,2,10557.2841796875,23949.021484375,927,28.2,3.5
"species",379,379,0,100,2884.54931640625,865,28.9,3.7
"species",380,380,0,2557.95336914062,933.40771484375,840,29,3.7
"species",381,381,1,860.232543945312,9222.4248046875,1025,27.3,4
"species",382,382,0,190.394332885742,3338.50634765625,852,29,3.7
"species",383,383,4,1196.3486328125,14939.1474609375,1076,26.7,4.2
"species",384,384,4,2657.53637695312,19619.6640625,932,28.7,3.2
"species",385,385,1,995.301452636719,17836.216796875,926,28.6,4.4
"species",386,386,0,1021.33489990234,3278.1474609375,880,28.6,3.9
"species",387,387,1,5549.88720703125,8776.7451171875,1076,27.3,4.5
"species",388,388,2,5114.990234375,4618.57666015625,924,28.8,3.3
"species",389,389,0,2549.509765625,195.256240844727,823,28.3,3.9
"species",390,390,3,2142.57446289062,19464.21484375,963,27.8,4.2
"species",391,391,0,4845.74560546875,6475.4345703125,919,28,3.9
"species",392,392,0,601.040771484375,145.773803710938,824,28.7,3.7
"species",393,393,3,901.387817382812,22081.228515625,942,27.9,4
"species",394,394,2,1086.56567382812,12473.5966796875,1139,26.8,4.5
"species",395,395,0,1308.86401367188,3534.9150390625,867,28.9,3.6
"species",396,396,2,9589.3818359375,22665.626953125,949,28,3.4
"species",397,397,0,2962.7900390625,2546.68896484375,833,29.2,3.5
"species",398,398,1,3470.23046875,4993.1201171875,904,28.2,4
"species",399,399,0,1507.68859863281,642.747985839844,876,28,3.8
"species",400,400,0,2475.5048828125,2522.39965820312,816,28.8,3.4
"species",401,401,2,875,15713.2509765625,960,28.5,3.1
"species",402,402,0,1533.1748046875,3017.552734375,872,28.7,4.1
"species",403,403,2,5418.7177734375,5872.18017578125,1105,26.8,4.1
"species",404,404,1,2715.00463867188,16520.611328125,923,28.1,3.8
"species",405,405,1,3848.45751953125,9525,890,29.1,3.5
"species",406,406,0,3348.9736328125,1743.02185058594,857,29,3.6
"species",407,407,1,750,3200.09765625,819,29,3.3
"species",408,408,1,145.773803710938,1126.11059570312,895,28.3,3.9
"species",409,409,0,0,23608.380859375,889,28.8,4.3
"species",410,410,0,145.773803710938,20976.310546875,901,28.8,4.3
"species",411,411,2,1182.42333984375,4742.69189453125,939,27.8,3.9
"species",412,412,0,1588.23803710938,840.386840820312,901,28,4
"species",413,413,0,350,1736.55554199219,819,29.1,3.3
"species",414,414,0,4648.25244140625,2112.61083984375,898,28.8,3.2
"species",415,415,0,25,1755.34899902344,876,28.5,4
"species",416,416,1,1207.52844238281,9665.6611328125,899,28.8,3.6
"species",417,417,0,954.594177246094,1162.16394042969,901,28,4.1
"species",418,418,1,1032.59387207031,8666.3857421875,946,27.9,4.2
"species",419,419,5,3550.08813476562,15591.34375,1077,26.9,4.3
"species",420,420,1,838.152709960938,8557.1611328125,933,28.4,3.4
"species",421,421,3,1984.47094726562,12504.7236328125,963,27.5,4
"species",422,422,0,538.516479492188,25,1175,26.8,4.3
"species",423,423,0,2891.58251953125,391.311889648438,824,28.4,3.8
"species",424,424,2,2886.2822265625,17003.10546875,946,27.8,3.7
"species",425,425,0,1167.26171875,79.0569381713867,1145,26.9,4.4
"species",426,426,0,1456.23657226562,5364.35009765625,1009,27.4,4
"species",427,427,1,550,16036.4619140625,953,28.3,4.5
"species",428,428,2,6284.5546875,22530.548828125,917,28.6,3.3
"species",429,429,4,4955.61572265625,20105.736328125,1076,26.7,4.3
"species",430,430,0,2752.83935546875,237.170822143555,829,28.3,3.8
"species",431,431,0,1666.20825195312,8607.009765625,865,29,4
"species",432,432,0,2784.10668945312,7905.140625,916,28.4,3.6
"species",433,433,4,4562.07177734375,23603.626953125,933,28.5,3.2
"species",434,434,0,55.9016990661621,3005.20385742188,1122,26.8,3.9
"species",435,435,0,1485.34509277344,458.938995361328,876,28.1,3.9
"species",436,436,0,2379.73217773438,2601.92236328125,951,27.7,4
"species",437,437,1,4093.6689453125,7112.0498046875,925,28,4
"species",438,438,1,1899.01293945312,7146.19677734375,969,27.5,3.9
"species",439,439,0,1261.94299316406,13846.4794921875,857,29.2,3.9
"species",440,440,5,3424.27001953125,17200.654296875,1068,27,4.3
"species",441,441,1,2343.6083984375,5578.58642578125,874,28.8,3.7
"species",442,442,0,145.773803710938,235.849533081055,827,29,3.5
"species",443,443,0,925.337768554688,6946.31201171875,1058,27.2,4
"species",444,444,1,4930.13671875,4374.4287109375,853,28.4,4
"species",445,445,1,5078.01611328125,23009.90234375,952,27.7,3.6
"species",446,446,0,1070.04675292969,2827.21142578125,829,28.8,3.3
"species",447,447,2,9286.044921875,22191.904296875,922,28.4,3.5
"species",448,448,0,1484.92419433594,1451.29248046875,863,28.1,4
"species",449,449,0,3450.81518554688,6550.42919921875,969,27.6,3.8
"species",450,450,0,180.277557373047,17394.845703125,912,28.7,4.3
"species",451,451,0,416.082916259766,1911.96887207031,823,28.6,3.7
"species",452,452,4,3525.3544921875,15340.408203125,1070,26.8,4.2
"species",453,453,0,1114.95520019531,1255.48791503906,1122,27,4.2
"species",454,454,0,275,134.629119873047,885,28.5,4
"species",455,455,1,5055.93701171875,5489.3076171875,1114,26.7,4.1
"species",456,456,3,2219.23413085938,12279.3017578125,1011,27.4,4.2
"species",457,457,2,5240.4677734375,5747.390625,1103,26.8,4.1
"species",458,458,0,35.355339050293,1040.4326171875,1091,27,3.9
"species",459,459,3,4276.16943359375,20525,940,28.5,3.2
"species",460,460,0,614.918701171875,2335.19262695312,837,28.3,3.9
"species",461,461,1,3848.45751953125,9525,890,29.1,3.5
"species",462,462,2,2918.154296875,13343.2802734375,979,27.8,4.3
"species",463,463,2,4952.33544921875,18905.35546875,1034,27.6,4.4
"species",464,464,3,6558.439453125,20232.708984375,1021,27.4,4.3
"species",465,465,0,583.630859375,292.617492675781,1144,27,4.7
"species",466,466,0,1773.41479492188,2621.54541015625,823,28.8,3.4
"species",467,467,2,7576.03125,23713.51171875,872,28.8,3.9
"species",468,468,0,3812.6435546875,3681.2021484375,1088,27.1,4.3
"species",469,469,2,6858.79931640625,23423.544921875,996,27.5,4.2
"species",470,470,0,1060.66015625,1475.84716796875,816,28.7,3.7
"species",471,471,0,1196.3486328125,25,899,27.9,4.1
"species",472,472,0,412.310577392578,550,872,28,4
"species",473,473,1,2274.31298828125,12881.8916015625,991,27.4,4.1
"species",474,474,0,450,1559.04614257812,874,28.6,3.9
"species",475,475,2,5418.7177734375,5872.18017578125,1105,26.8,4.1
"species",476,476,0,1432.873046875,1206.49279785156,822,28.4,3.7
"species",477,477,0,1680.77368164062,3815.26538085938,867,28.5,4
"species",478,478,0,0,675.462829589844,824,29.1,3.3
"species",479,479,1,4681.4794921875,20237.109375,1040,27.5,4.4
"species",480,480,2,3712.310546875,14457.8916015625,924,28.4,3.6
"species",481,481,1,1650,5724.3447265625,945,27.7,3.9
"species",482,482,0,594.243225097656,223.606796264648,825,29.2,3.5
"species",483,483,0,2260.66918945312,818.9169921875,816,28.6,3.5
"species",484,484,0,2525.4951171875,7266.44677734375,1079,27,4
"species",485,485,3,1578.76538085938,5368.89208984375,863,29.1,3.7
"species",486,486,4,4798.5673828125,17639.232421875,1041,27.3,4.3
"species",487,487,1,223.606796264648,831.038513183594,1074,27.3,4.6
"species",488,488,0,750,1226.02001953125,864,28.2,3.9
"species",489,489,0,2601.92236328125,625,1144,26.9,4.2
"species",490,490,1,2071.8349609375,10456.2177734375,1048,26.9,3.9
"species",491,491,1,3702.7861328125,10034.0048828125,984,28.3,3.1
"species",492,492,1,3603.90405273438,5981.7431640625,897,28.3,4.3
"species",493,493,0,600,18645.525390625,880,28.9,4.2
"species",494,494,1,5984.61572265625,8252.6513671875,965,28.6,3.1
"species",495,495,1,2775.45043945312,13068.3056640625,886,28.8,3.8
"species",496,496,3,6450,7431.77294921875,882,29.2,3.4
"species",497,497,0,212.132034301758,230.488616943359,817,29,3.5
"species",498,498,2,6284.5546875,22530.548828125,917,28.6,3.3
"species",499,499,2,604.669311523438,19551.359375,924,28.4,4.2
"species",500,500,3,636.396118164062,8150.1533203125,932,28.4,3.4
"species",501,501,2,3250,19500.78515625,918,28.2,3.8
"species",502,502,1,2025.154296875,9469.9853515625,888,28.7,3.8
"species",503,503,1,3086.46240234375,12705.53515625,886,28.8,3.8
"species",504,504,0,2034.8525390625,141.421356201172,816,28.8,3.6
"species",505,505,1,212.132034301758,4423.8701171875,1076,27.1,4
"species",506,506,0,2885.84912109375,4349.4970703125,976,27.6,4
"species",507,507,1,3634.55639648438,19011.986328125,869,29,4.1
"species",508,508,2,480.884613037109,15147.8134765625,959,28.5,3.2
"species",509,509,0,3984.10913085938,3305.771484375,941,27.8,4
"species",510,510,0,680.073547363281,125,834,29,3.5
"species",511,511,1,3970.20141601562,5436.73828125,918,28,4
"species",512,512,1,4589.11767578125,14355.5087890625,917,28.4,3.7
"species",513,513,0,4608.212890625,525,860,28.9,3.5
"species",514,514,1,5112.9736328125,7670.23486328125,1077,26.9,4.1
"species",515,515,0,1715.00732421875,1735.115234375,817,28.8,3.5
"species",516,516,0,777.817443847656,1476.48229980469,826,28.6,3.7
"species",517,517,2,4240.35693359375,16014.232421875,914,28.3,3.8
"species",518,518,1,360.555114746094,9574.7392578125,1008,27.3,3.9
"species",519,519,0,35.355339050293,1040.4326171875,1091,27,3.9
"species",520,520,1,3345.51928710938,4425.07080078125,909,28.2,4
"species",521,521,2,2270.04956054688,12783.509765625,1035,26.8,3.9
"species",522,522,2,1237.43688964844,604.152282714844,1132,27,4.8
"species",523,523,0,1085.41467285156,79.0569381713867,979,27.5,4.2
"species",524,524,2,1867.15026855469,12189.2626953125,1090,27.1,4.4
"species",525,525,0,4528.03759765625,2326.20947265625,865,29,3.4
"species",526,526,0,625,35.355339050293,826,29,3.5
"species",527,527,0,2830.1943359375,1098.29418945312,835,28.3,3.9
"species",528,528,2,4241.83056640625,23400.974609375,958,27.9,4.2
"species",529,529,0,4950.568359375,6148.8310546875,877,28.4,4.2
"species",530,530,2,1575.79345703125,561.805114746094,1145,26.9,4.7
"species",531,531,1,1603.12194824219,235.849533081055,1067,27.3,4.7
"species",532,532,1,1725.18115234375,16092.0986328125,923,28.2,4
"species",533,533,2,4818.7783203125,9690.5234375,1043,27.7,4.7
"species",534,534,0,522.015319824219,225,1115,27.1,4.6
"species",535,535,1,1755.70495605469,8150.1533203125,1143,26.8,4.5
"species",536,536,2,618.970947265625,22635.2734375,907,28.5,4.2
"species",537,537,0,325,333.541595458984,831,29.1,3.3
"species",538,538,5,1049.40454101562,13715.4111328125,1100,26.9,4.4
"species",539,539,0,5577.74609375,23029.994140625,853,29.1,4.1
"species",540,540,1,707.106811523438,6004.6337890625,924,28,3.9
"species",541,541,0,813.172790527344,1299.27868652344,856,28.2,3.8
"species",542,542,0,403.112884521484,1762.2783203125,866,28.7,3.9
"species",543,543,0,632.455505371094,1340.00927734375,887,28.4,4
"species",544,544,0,1039.83166503906,1949.67944335938,1142,26.8,4.2
"species",545,545,4,1315.76977539062,5265.98779296875,889,28.6,3.7
"species",546,546,0,70.7106781005859,3263.52954101562,1117,26.8,3.9
"species",547,547,2,2148.982421875,9079.95703125,930,28.4,3.5
"species",548,548,0,585.234985351562,608.276245117188,828,29,3.5
"species",549,549,3,4166.30810546875,5525,946,28.6,3.2
"species",550,550,6,916.856018066406,477.624328613281,1178,26.8,4.9
"species",551,551,2,8481.2294921875,22089.025390625,954,28,3.3
"species",552,552,1,2015.25427246094,10895.2109375,930,28,3.9
"species",553,553,2,5057.48193359375,22550.068359375,1001,27.2,4.1
"species",554,554,0,425,23372.111328125,895,28.8,4.3
"species",555,555,2,506.21142578125,90.1387786865234,821,28.8,3.5
"species",556,556,4,1521.92309570312,18157.453125,1005,27.2,4.1
"species",557,557,0,1917.19201660156,4079.90502929688,861,28.9,3.8
"species",558,558,1,1000,21060.166015625,900,28.7,4.2
"species",559,559,5,1826.54040527344,13298.54296875,1095,26.8,4.3
"species",560,560,2,5711.82958984375,16816.08203125,936,28.2,3.5
"species",561,561,0,2205.81616210938,175,817,28.4,3.8
"species",562,562,1,1815.55773925781,111.803398132324,1134,27,4.6
"species",563,563,0,604.152282714844,13034.59375,850,29.4,3.7
"species",564,564,0,141.421356201172,1408.90026855469,813,28.6,3.7
"species",565,565,0,1364.2763671875,3175.3935546875,827,28.4,3.9
"species",566,566,0,1243.48303222656,1565.24755859375,819,28.5,3.7
"species",567,567,0,125,475.657440185547,816,29,3.5
"species",568,568,0,738.241149902344,1222.95751953125,827,28.8,3.8
"species",569,569,3,3564.845703125,11112.408203125,1098,27.1,4.5
"species",570,570,0,916.856018066406,6650.28173828125,1051,27.2,4.1
"species",571,571,0,3270.03442382812,2381.43872070312,1156,26.7,4.2
"species",572,572,0,436.606231689453,4406.03271484375,1085,27.1,4
"species",573,573,0,0,936.082275390625,986,27.5,4
"species",574,574,0,1684.11694335938,1803.12231445312,824,29,3.6
"species",575,575,2,1352.08178710938,12177.4892578125,893,28.8,3.7
"species",576,576,1,2153.1953125,50,1132,26.9,4.2
"species",577,577,0,1028.65197753906,1895.05932617188,816,28.5,3.7
"species",578,578,1,1566.24548339844,6853.32958984375,930,28,4
"species",579,579,0,1085.41467285156,680.073547363281,826,29.2,3.5
"species",580,580,0,425,23372.111328125,895,28.8,4.3
"species",581,581,3,6158.42919921875,15929.708984375,904,28.6,3.7
"species",582,582,1,180.277557373047,175,1125,27,4.6
"species",583,583,0,190.394332885742,4691.01513671875,910,28.3,3.9
"species",584,584,1,2614.02465820312,2865.74609375,1150,26.6,4.2
"species",585,585,2,195.256240844727,18007.099609375,948,28.4,4.4
"species",586,586,2,1909.515625,10446.291015625,912,28.8,3.5
"species",587,587,3,3612.47827148438,18012.65234375,900,28.5,3.9
"species",588,588,1,1937.29833984375,14567.9443359375,944,28.3,3.4
"species",589,589,0,100,275,1212,26.4,4.4
"species",590,590,1,3067.2666015625,2669.50366210938,1120,26.9,4.3
